ARMATURESCHEMATEXT
Armature {
  *action_ref {
    ArmatureAction
  }
  *bone {
    *index {
      0
    }
    *name {
      root
    }
    *length {
      0.5798729940267103
    }
    *local_matrix {
      0.9999997019767761 0.0 0.0 0.010988801717758179
      0.0 -0.9997008442878723 -0.024459216743707657 -0.008627861738204956
      0.0 0.024459216743707657 -0.9997008442878723 -1.8883459568023682
      0.0 0.0 0.0 1.0
    }
  }
  *bone {
    *index {
      1
    }
    *name {
      stomach
    }
    *length {
      0.4329131221517706
    }
    *parent {
      0
    }
    *local_matrix {
      0.9999997019767761 0.0 0.0 0.0
      0.0 7.264316082000732e-08 -1.0 4.470348358154297e-08
      0.0 1.0 7.264316082000732e-08 -1.1920928955078125e-07
      0.0 0.0 0.0 1.0
    }
  }
  *bone {
    *index {
      2
    }
    *name {
      bone.l
    }
    *length {
      0.17194172905115546
    }
    *parent {
      1
    }
    *local_matrix {
      -0.11609706282615662 0.9523543119430542 -0.28203174471855164 0.011784669011831284
      0.8902910351753235 -0.026107465848326683 -0.4546425938606262 7.738751151009637e-08
      -0.44034430384635925 -0.3038731813430786 -0.8448416590690613 -5.960464477539063e-08
      0.0 0.0 0.0 1.0
    }
  }
  *bone {
    *index {
      3
    }
    *name {
      up_leg.r
    }
    *length {
      0.830899973901036
    }
    *parent {
      2
    }
    *local_matrix {
      0.9786789417266846 0.14472001791000366 0.14574995636940002 0.17553411424160004
      -0.13617973029613495 -0.07402148842811584 0.9879148006439209 -0.004488885402679443
      0.1537596434354782 -0.9866998791694641 -0.05273556709289551 -0.05224853754043579
      0.0 0.0 0.0 1.0
    }
  }
  *bone {
    *index {
      4
    }
    *name {
      low_leg.r
    }
    *length {
      0.915655733404436
    }
    *parent {
      3
    }
    *local_matrix {
      0.979075014591217 0.1485452950000763 0.13908922672271729 0.2957819700241089
      -0.15441098809242249 0.09710223227739334 0.9832233190536499 -0.06599333882331848
      0.1325473040342331 -0.984126627445221 0.11800721287727356 -0.8720974326133728
      0.0 0.0 0.0 1.0
    }
  }
  *bone {
    *index {
      5
    }
    *name {
      foot.r
    }
    *length {
      0.4643568889804786
    }
    *parent {
      4
    }
    *local_matrix {
      0.9904935956001282 0.13732239603996277 -0.008017245680093765 0.4317983388900757
      0.1365654021501541 -0.9747055172920227 0.17691414058208466 0.022918879985809326
      0.016479693353176117 -0.17632707953453064 -0.9841935038566589 -1.7732186317443848
      0.0 0.0 0.0 1.0
    }
  }
  *bone {
    *index {
      6
    }
    *name {
      bone.r
    }
    *length {
      0.17194174526363132
    }
    *parent {
      1
    }
    *local_matrix {
      0.11609680205583572 -0.9523542523384094 0.2820316553115845 0.0
      -0.9523546099662781 -0.026107419282197952 0.30387309193611145 7.738751151009637e-08
      -0.28203192353248596 -0.3038730323314667 -0.9100101590156555 -5.960464477539063e-08
      0.0 0.0 0.0 1.0
    }
  }
  *bone {
    *index {
      7
    }
    *name {
      up_leg.l
    }
    *length {
      0.8308999873513563
    }
    *parent {
      6
    }
    *local_matrix {
      0.9786786437034607 -0.14472001791000366 0.1457502692937851 -0.16374945640563965
      -0.15759652853012085 -0.07402142882347107 0.984725296497345 -0.0044888779520988464
      -0.13172082602977753 -0.9866997003555298 -0.09525036811828613 -0.0522485189139843
      0.0 0.0 0.0 1.0
    }
  }
  *bone {
    *index {
      8
    }
    *name {
      low_leg.l
    }
    *length {
      0.9156557317675247
    }
    *parent {
      7
    }
    *local_matrix {
      0.9790747165679932 -0.14854523539543152 0.1390891820192337 -0.2839972972869873
      -0.12552902102470398 0.09710226953029633 0.9873263239860535 -0.0659932792186737
      -0.16016851365566254 -0.9841263890266418 0.07642387598752975 -0.8720972537994385
      0.0 0.0 0.0 1.0
    }
  }
  *bone {
    *index {
      9
    }
    *name {
      foot.l
    }
    *length {
      0.46435691558625525
    }
    *parent {
      8
    }
    *local_matrix {
      -0.9904934167861938 -0.1373225599527359 0.008017263375222683 -0.4200136065483093
      0.1336839497089386 -0.9747058749198914 -0.17910167574882507 0.02291896939277649
      0.03240912780165672 -0.17632757127285004 0.983797550201416 -1.7732181549072266
      0.0 0.0 0.0 1.0
    }
  }
  *bone {
    *index {
      10
    }
    *name {
      chest
    }
    *length {
      0.5237679363721066
    }
    *parent {
      1
    }
    *local_matrix {
      0.9999997019767761 0.0 0.0 0.0
      0.0 7.264316082000732e-08 -1.0 7.615166452978883e-08
      0.0 1.0 7.264316082000732e-08 0.43291300535202026
      0.0 0.0 0.0 1.0
    }
  }
  *bone {
    *index {
      11
    }
    *name {
      neck
    }
    *length {
      0.2008433297958483
    }
    *parent {
      10
    }
    *local_matrix {
      0.9999997019767761 0.0 0.0 0.0
      0.0 7.264316082000732e-08 -1.0 1.1419982115512539e-07
      0.0 1.0 7.264316082000732e-08 0.956680953502655
      0.0 0.0 0.0 1.0
    }
  }
  *bone {
    *index {
      12
    }
    *name {
      head
    }
    *length {
      0.40956283511575053
    }
    *parent {
      11
    }
    *local_matrix {
      0.9999997019767761 0.0 0.0 0.0
      0.0 7.264316082000732e-08 -1.0 1.2878972199814598e-07
      0.0 1.0 7.264316082000732e-08 1.1575243473052979
      0.0 0.0 0.0 1.0
    }
  }
  *bone {
    *index {
      13
    }
    *name {
      shoulder.r
    }
    *length {
      0.39234075328267065
    }
    *parent {
      10
    }
    *local_matrix {
      0.007913244888186455 0.980726957321167 0.19522134959697723 0.0
      -0.9807272553443909 0.04572543501853943 -0.18995584547519684 1.1419982115512539e-07
      -0.195221409201622 -0.18995577096939087 0.9621879458427429 0.956680953502655
      0.0 0.0 0.0 1.0
    }
  }
  *bone {
    *index {
      14
    }
    *name {
      forearm.r
    }
    *length {
      0.42919427838482055
    }
    *parent {
      13
    }
    *local_matrix {
      -0.6376870274543762 0.6062893867492676 0.4751502573490143 0.384779155254364
      -0.6062894463539124 -0.014557063579559326 -0.7951106429100037 0.017940064892172813
      -0.47515061497688293 -0.7951107621192932 0.37686997652053833 0.8821535706520081
      0.0 0.0 0.0 1.0
    }
  }
  *bone {
    *index {
      15
    }
    *name {
      arm.r
    }
    *length {
      0.5569280773112381
    }
    *parent {
      14
    }
    *local_matrix {
      -0.5247999429702759 0.7630937099456787 0.3771900236606598 0.6449950933456421
      -0.7630945444107056 -0.22540625929832458 -0.6057049036026001 0.011692255735397339
      -0.3771888017654419 -0.6057058572769165 0.7006062269210815 0.5408965349197388
      0.0 0.0 0.0 1.0
    }
  }
  *bone {
    *index {
      16
    }
    *name {
      palm.l
    }
    *length {
      0.4005134242288641
    }
    *parent {
      15
    }
    *local_matrix {
      -0.5789632201194763 0.7414562106132507 0.3391807973384857 1.0699833631515503
      -0.7414565086364746 -0.30572447180747986 -0.597305953502655 -0.11384281516075134
      -0.33918049931526184 -0.5973063111305237 0.7267612218856812 0.2035619616508484
      0.0 0.0 0.0 1.0
    }
  }
  *bone {
    *index {
      17
    }
    *name {
      shoulder.l
    }
    *length {
      0.39234069649788944
    }
    *parent {
      10
    }
    *local_matrix {
      -0.00791352428495884 -0.9807268381118774 -0.19522137939929962 -0.0018741482635959983
      0.962134838104248 0.04572548344731331 -0.2687108516693115 1.1419982115512539e-07
      0.27245861291885376 -0.18995580077171326 0.943230152130127 0.956680953502655
      0.0 0.0 0.0 1.0
    }
  }
  *bone {
    *index {
      18
    }
    *name {
      forearm.l
    }
    *length {
      0.42919437874418276
    }
    *parent {
      17
    }
    *local_matrix {
      -0.6376871466636658 -0.6062893867492676 0.475149929523468 -0.38665321469306946
      -0.58849036693573 -0.014556929469108582 -0.8083730936050415 0.017940083518624306
      0.4970250129699707 -0.7951107025146484 -0.3475129008293152 0.8821535706520081
      0.0 0.0 0.0 1.0
    }
  }
  *bone {
    *index {
      19
    }
    *name {
      arm.l
    }
    *length {
      0.5569278632110317
    }
    *parent {
      18
    }
    *local_matrix {
      -0.524799644947052 -0.7630938291549683 0.3771902024745941 -0.6468691825866699
      -0.3308637738227844 -0.22540611028671265 -0.9163629412651062 0.011692332103848457
      0.7842923998832703 -0.6057058572769165 -0.13418711721897125 0.5408965349197388
      0.0 0.0 0.0 1.0
    }
  }
  *bone {
    *index {
      20
    }
    *name {
      palm.r
    }
    *length {
      0.4005133329508919
    }
    *parent {
      19
    }
    *local_matrix {
      -0.5789629220962524 -0.7414563298225403 0.33918121457099915 -1.0718574523925781
      -0.15848147869110107 -0.3057244122028351 -0.9388376474380493 -0.11384260654449463
      0.7998034358024597 -0.5973065495491028 0.05949611961841583 0.20356208086013794
      0.0 0.0 0.0 1.0
    }
  }
}
