//Leadwerks Material File

blendmode=0
castshadows=1
zsort=0
cullbackfaces=1
depthtest=1
depthmask=1
diffuse=1.00000000,1.00000000,1.00000000,0.501960814
specular=1.00000000,1.00000000,1.00000000,0.501960814
alwaysuseshader=0
drawmode=-1

shader="shaders\model\transparent.shader"
shader1="shaders\model\transparent.shader"
texture0=".\glass01.tex"
texture1=".\glass01_dot3.tex"
